Temperature: 33.343353271484375°C
Temperature: 33.343353271484375°C
